Time,com.sun.xml.ws.api.message.Packet Data
0,97
